6
3
0 1 0
1 0 1
0 1 0

4
0 1 1 0
1 0 1 1
1 1 0 0
0 1 0 1

12
0 0 1 0 1 0 1 0 1 0 1 0
0 0 0 1 0 1 0 1 0 1 0 1
1 0 0 0 1 0 1 0 1 0 1 0
0 1 0 0 0 1 0 1 0 1 0 1
1 0 1 0 0 0 1 0 1 0 1 0
0 1 0 1 0 0 0 1 0 1 0 1
1 0 1 0 1 0 0 0 1 0 1 0
0 1 0 1 0 1 0 0 0 1 0 1
1 0 1 0 1 0 1 0 0 0 1 0
0 1 0 1 0 1 0 1 0 0 0 1
1 0 1 0 1 0 1 0 1 0 0 0
0 1 0 1 0 1 0 1 0 1 0 0

15
0 1 1 1 1 0 1 0 1 1 0 1 1 1 1
1 0 0 0 0 1 1 1 1 1 0 1 0 1 0
1 0 0 1 1 0 0 1 0 1 0 1 1 1 1
1 0 1 0 1 0 0 1 0 1 1 0 0 0 0
1 0 1 1 0 1 0 1 0 0 0 1 0 0 0
0 1 0 0 1 0 0 0 1 0 0 0 1 0 1
1 1 0 0 0 0 0 0 1 0 1 1 1 0 0
0 1 1 1 1 0 0 0 0 0 0 0 0 0 1
1 1 0 0 0 1 1 0 0 1 0 1 0 1 1
1 1 1 1 0 0 0 0 1 0 0 1 0 1 0
0 0 0 1 0 0 1 0 0 0 0 0 1 0 1
1 1 1 0 1 0 1 0 1 1 0 0 0 1 0
1 0 1 0 0 1 1 0 0 0 1 0 0 1 1
1 1 1 0 0 0 0 0 1 1 0 1 1 0 0
1 0 1 0 0 1 0 1 1 0 1 0 1 0 0

16
0 0 1 0 0 0 0 0 0 0 1 0 1 0 1 0
0 0 1 0 1 0 0 1 1 0 1 1 1 0 0 0
1 1 0 1 0 0 1 1 1 0 1 1 0 1 1 1
0 0 1 0 0 1 0 0 1 0 0 0 0 1 0 0
0 1 0 0 0 0 0 1 0 1 1 0 0 1 0 0
0 0 0 1 0 0 1 1 1 1 1 1 0 0 1 0
0 0 1 0 0 1 0 0 1 0 1 1 1 1 1 0
0 1 1 0 1 1 0 0 0 1 0 1 1 1 0 1
0 1 1 1 0 1 1 0 0 0 1 0 0 1 1 0
0 0 0 0 1 1 0 1 0 0 1 0 1 1 0 1
1 1 1 0 1 1 1 0 1 1 0 1 0 1 1 1
0 1 1 0 0 1 1 1 0 0 1 0 0 0 1 1
1 1 0 0 0 0 1 1 0 1 0 0 0 0 1 1
0 0 1 1 1 0 1 1 1 1 1 0 0 0 1 1
1 0 1 0 0 1 1 0 1 0 1 1 1 1 0 0
0 0 1 0 0 0 0 1 0 1 1 1 1 1 0 0

20
0 0 0 1 0 0 0 0 1 0 0 1 1 0 1 0 1 1 0 1
0 0 0 1 0 0 0 0 1 0 0 0 0 0 0 1 0 1 0 1
0 0 0 1 0 1 1 1 1 0 1 0 0 1 1 1 1 0 0 1
1 1 1 0 0 0 0 0 1 1 1 1 1 0 0 1 0 0 1 0
0 0 0 0 0 1 0 0 0 1 1 0 0 1 0 1 0 1 0 0
0 0 1 0 1 0 0 0 1 1 0 0 0 1 1 0 0 1 1 0
0 0 1 0 0 0 0 1 1 0 1 1 1 1 0 1 1 0 0 1
0 0 1 0 0 0 1 0 0 1 1 1 1 0 1 0 1 1 0 0
1 1 1 1 0 1 1 0 0 0 0 0 1 0 0 0 0 0 0 0
0 0 0 1 1 1 0 1 0 0 1 1 1 0 0 1 0 1 0 1
0 0 1 1 1 0 1 1 0 1 0 1 1 0 0 1 0 0 0 1
1 0 0 1 0 0 1 1 0 1 1 0 0 0 0 0 1 0 1 0
1 0 0 1 0 0 1 1 1 1 1 0 0 1 0 1 1 0 0 0
0 0 1 0 1 1 1 0 0 0 0 0 1 0 0 1 1 0 0 0
1 0 1 0 0 1 0 1 0 0 0 0 0 0 0 1 1 1 1 1
0 1 1 1 1 0 1 0 0 1 1 0 1 1 1 0 0 0 1 1
1 0 1 0 0 0 1 1 0 0 0 1 1 1 1 0 0 0 1 0
1 1 0 0 1 1 0 1 0 1 0 0 0 0 1 0 0 0 1 0
0 0 0 1 0 1 0 0 0 0 0 1 0 0 1 1 1 1 0 0
1 1 1 0 0 0 1 0 0 1 1 0 0 0 1 1 0 0 0 0
